-0.1276597,51.5072759
-1.3140919,51.0623551
-1.4041996,50.9035305
-1.4657174,53.3820287
-116.5378612,33.8498458
-76.567903,39.2810502
14.5046117,46.0544459
4.4436244,50.4120332
33.6373765,34.9173073
-0.5370209,53.2343427
1.292222,52.6285753
12.570069,55.6867239
121.0599706,14.6801169
12.7040684,56.0441984
-1.796741,51.5677333
77.2173711,28.6092825
73.0629505,33.6946934
-118.25057,34.1420882
-118.1279002,34.0930855
-118.3079649,34.1819538
11.0037436,49.598038
3.7102089,51.0621881
3.2260109,51.2082896
-1.0744016,50.8065249
2.3524282,48.8564528
-1.8747048,50.720157
-1.5113334,52.4080477
-3.1932723,55.9483399
1.1528082,52.0580055
-4.1424595,50.3712779
-79.3849008,43.6529206
7.4513003,46.9480572
-81.677522,41.4877262
-83.0466755,42.3316454
-80.3098064,43.3842987
-89.2419946,48.4170494
151.9542619, 27.5648552
4.8323239,45.7575958
10.000654,53.5503414
73.5101438,4.174718
-1.6142059,54.9770924
150.8938903, 34.4242854
-2.9311426,54.900404
-1.375053,54.9063791
-2.2216087,52.1918253
10.7391111,59.9132694
-0.902493,52.2385239
0.4723823,51.7345403
44.378799,33.3024251
-4.225739,57.4790124
-3.9467751,51.6211442
-3.9360012,56.1181242
-118.1311823,34.0613912
-117.9434331,33.7753566
5.3269603,60.394973
-2.7151735,52.0553813
7.2196765,51.5377786
0.2631161,52.3998399
-2.9805393,53.4054719
-157.8556764,21.304547
152.76087, 27.6160135
0.9046293,51.8931303
-79.7030516,44.3787033
-78.3272997,44.2876446
21.7910016,61.4867236
152.9076853, 31.4493064
-4.7794976,37.8844099
22.2670522,60.4517531
11.4148038,53.6288297
10.1371858,54.3216753
-63.5760291,44.6492936
-95.6775557,39.0490111
116.3911947,39.9064705
-8.6875558,39.2358549
-16.9099496,32.6475146
-8.6192306,41.5314496
7.4651736,51.5113709
10.6847384,53.8664436
12.5326186,55.678016
25.5327401, 33.9434595
17.2473483,49.5954189
28.1847222, 25.7249999
9.1751732,47.6589856
10.8876283,49.892691
-8.4292178,40.2114939
123.734311,13.1376189
-7.6179071,33.596439
9.9329662,49.79245
6.6352091,51.4504762
150.178289, 35.7072183
32.8519769,39.9272322
26.4148869,40.1500808
27.509836,40.9800799
27.8347381,37.842494
30.4053578,40.7842005
29.9752911,40.1435101
30.2887286,37.7248394
29.0838956,37.7725246
30.5216389,39.7688617
32.4840399,37.8721123
27.4255716,38.6155029
29.2729091,40.6556669
18.0613098,59.3307611
51.4179604,35.6884244
13.5029449,59.3799136
152.9337861, 29.6912217
0.5049347,51.389062
18.0393715,48.8923583
17.5865242,48.3772086
51.6651161,32.6705341
46.2868574,38.0775595
50.006663,36.2804074
52.532674,29.6130192
-76.8861122,40.2663107
31.2866057,51.4997394
24.0315335,49.8418918
27.5618628,53.9022531
-79.0837,43.08872
24.5612424,46.5446738
-82.3658562,23.1379911
-121.563321,37.006164
18.6542829,54.3482114
28.1805556, 26.2294444
56.2766447,27.1781213
35.3267707,36.9970414
43.3966821,38.4992518
36.1620594,36.2019598
34.630542,36.81275
34.0292392,38.370254
33.2224781,37.1792447
33.5169348,39.847147
34.7136022,38.6223688
37.013697,39.749781
35.8338214,40.6502007
32.3384354,41.6338394
34.9602453,40.5491496
39.483349,40.460889
33.776791,41.377974
40.519612,41.022809
35.148063,42.0258451
31.7884026,41.4523739
42.7020768,41.1140869
42.1086262,38.4001725
41.504412,38.747307
41.2758755,39.9082459
38.309269,38.350261
38.2764355,37.7640008
40.2276235,37.9115543
37.1168827,36.7180419
38.7979301,37.158602
42.4600581,37.5188049
-40.8380598, 14.8498325
-2.1812607,53.0162014
14.5513137,53.4301652
7.0175786,51.049718
9.47905,55.4894999
10.2134046,56.1496278
-3.8101067,43.4623102
97.625556,16.4913891
94.9213518,20.1491458
97.2094441,19.674167
97.371389,16.920556
94.733333,16.783333
98.2,14.083333
95.3924129,21.4587531
96.433333,18.933333
96.0817861,21.9796979
95.8619463,20.8814233
98.6,12.433333
52.3516439,36.4700774
-119.8038111,36.7606584
-106.6605124,52.1303794
-79.9668704,22.4127416
0.6893001,47.3906174
4.031926,49.2577886
5.0414699,47.3215807
2.2956951,49.8941708
1.2644847,45.8354243
7.2684054,43.7009504
0.1205044,49.4937574
6.0251224,47.2415468
7.7507127,48.584614
-0.552322,47.4707243
5.9304919,43.1257311
1.0939658,49.4404591
2.2399217,48.8357506
3.1741734,50.6915893
3.1616649,50.7271174
2.3792644,51.0335888
6.1838123,48.6928048
-2.9974967,51.5882332
-1.2344047,54.5760419
23.71102,56.6578041
-104.6158181,50.4480951
-5.8147392,35.7679823
-8.4988272,33.2429276
21.6259782,47.531399
9.2186549,49.1422908
25.4216251,57.5391883
-122.419199,37.7789601
-117.8617518,33.7491288
-114.061503,51.0455535
39.8246073,64.5634125
26.2154956, 29.1163947
22.9001417,45.8845378
-118.3835898,33.9116166
35.9208284,56.858675
-2.6725191,42.8463696
-83.7312291,42.2681569
28.3361107,57.8190485
15.3125974, 4.3217055
-119.0219428,35.3713431
30.5279225,56.3423598
34.3635062,53.2442476
36.179602,51.739433
36.063372,52.9714692
146.3608416, 41.1797753
35.1100843,47.8600074
34.9535229,29.5586238
21.0180874,56.5113513
120.5864028,15.160632
120.2835205,14.8314675
25.2853983,54.6843136
23.3147562,55.9268086
39.1909436, 6.1626527
54.358325,31.8946801
-97.3327459,32.753177
7.012273,51.4552058
-118.0100601,33.9106246
-118.0073973,33.8767781
52.370285,33.3790465
16.190348,58.5909128
20.2546049,63.8212012
49.5892538,37.281768
-118.0578137,34.1080772
-118.0879779,34.0676174
131.8857067,43.1214207
37.6187089,55.7516147
50.1142415,53.1984756
49.1242266,55.7823547
55.9477285,54.7262869
56.2467244,58.0149643
39.2646882,51.7126377
38.9716537,45.031826
83.7784296,53.3474212
87.1375029,53.7589831
39.7181403,54.6163256
65.5819746,57.1369473
27.9743799,45.2715045
16.5463648,59.6110996
74.6004596,42.870403
80.2496216,50.4053257
68.7801624,38.5346847
106.918296,47.9160182
-1.9819572,43.3205068
14.6357061,63.1793655
2.1178034,13.5158988
6.6110207,36.3612367
13.1809271,32.8944978
10.1847938,36.8001077
32.3055053,31.263235
-10.79777,6.3279815
1.2260469,6.1275372
28.2813812, 15.4166967
-1.5234188,12.3683389
-5.0312999,7.6905207
15.0489991,12.1130019
39.2803756, 6.8142737
3.9315363,7.8410537
11.85, 4.8
33.78008, 13.9859979
-13.2680158,8.4790017
-13.6999235,9.5171253
3.8969928,7.3786064
8.9,9.917
-9.5830103,30.4170052
32.5742539, 25.9512288
43.1471141,11.5936909
7.4359863,10.5182899
-0.6330128,35.6970213
7.5,6.45
3.348,7.161
7.7,11.067
47.5255809, 18.9100122
20.0669846,32.1170043
3.414,6.452
-118.1350617,34.1861847
-118.0434066,33.8209464
6.9964208,49.2345288
-118.0711847,33.8566959
-118.1712034,33.8980532
-117.962736,33.7038168
29.2027778, 26.5161111
-104.8994694,21.5016086
-1.6444639,42.8188566
-96.8718354,50.1439939
18.6657306,50.294113
-16.2536378,28.4597823
16.439737,43.5113941
8.0153315,50.8705296
50.612015,35.9566729
14.4413555,45.3271244
-4.728562,41.6521328
-15.4350514,28.1287799
-9.2417366,32.3004124
134.7536129, 29.0133608
145.7832994, 16.9243043
25.1328543,35.3340134
-122.3288811,47.5992959
-113.8096217,52.2685545
-111.8924659,50.5704252
6.6900832,51.1958431
24.7453688,59.4372156
149.7198009, 34.7523871
13.4608643, 5.8256527
19.1034796,1.6084795
16.2333298, 2.1666825
-113.4900729,53.5451595
-122.3090675,37.5445445
83.9822292,28.2161361
-122.876411,42.3234114
106.8284591, 6.1809269
18.4295028,43.858599
37.6025729,47.1110487
-102.4597301,51.2116824
-1.8632663,38.99204
-76.4805685,44.2299666
4.8652458,50.4653008
47.0700864,38.4753354
-123.3659414,48.4287224
27.8998573, 33.0191604
30.9847222, 25.4819444
32.0555556, 28.7747222
7.2007542,51.6118188
19.9376173,50.0617795
26.5304071,55.8627523
27.2414481, 25.6656553
20.1485919,46.2545268
117.7961309, 22.693894
26.7208333, 27.9830556
25.9086101, 24.6585601
-46.6375468, 23.5561782
19.7006388,52.5465149
25.0401152,60.3091422
2.8199439,41.9793006
-71.2349114,46.8257374
120.589556,15.485997
-0.8430289,9.4043366
24.9435079,60.1666277
25.6561599,60.9833453
29.766656,62.6000156
26.6999669,60.8666842
22.8442015,62.7954104
25.7192101,66.4976214
27.2726569,61.6877956
23.3199839,42.6973054
27.4689212,42.5030458
25.3192189,42.8744219
26.5119556,42.4850954
22.6890196,42.2809956
23.2202238,43.4088985
23.0298074,42.6088723
24.7498026,42.1419116
27.2587235,44.1172531
24.7008822,41.5769241
27.9014734,43.2166429
22.8833806,44.0015396
10.7861682,52.4205588
7.4892974,9.0643305
55.2963956,25.2683592
10.3958034,63.4263262
-0.6832777,37.977719
17.028073,54.4649331
15.56956,54.18195
30.9988466,30.7858575
-121.7528577,36.9092112
-121.8830761,37.3440279
-121.3275522,36.4270004
146.8239533, 19.256934
22.9330556,54.0994444
18.3962802,54.5706054
-115.1611806,36.145204
31.3864903,31.0375664
30.9401454,31.111221
22.2837049,52.1683681
16.1716148,51.2072213
19.3732343,51.3639081
21.7452654,50.6896571
19.0218414,50.2593174
19.1170825,50.8130073
16.2823844,50.7698781
6.6402058,49.7557338
125.7349937,39.0143504
-46.53333, 23.4627799
-47.64917, 22.72528
129.843038,42.9666965
50.1959224,26.3029361
21.0866918,46.6849789
125.4115285,38.7367448
-45.8853145, 23.180772
-122.6741427,45.5202247
115.7464877, 32.2869076
115.6336365, 33.3403542
-117.7602277,33.9929958
21.9330073,47.0658723
49.6929163,34.0933691
48.3554251,33.4875454
49.0585193,33.4907528
46.9959823,35.3172604
46.2397493,37.3916711
13.3775644,49.7470607
46.2705196,36.2427462
46.0998282,36.9691256
52.6847484,36.5455753
54.9743639,36.4136841
57.6808799,36.2134053
18.4172485, 33.9289049
48.8232792,34.2948394
51.3638967,32.6341756
52.8017664,29.8676114
55.6818373,29.4489281
61.4948182,31.0277839
48.2786525,30.3519801
50.8404948,28.9682082
48.1800919,30.4415718
44.9575589,38.5526991
51.6410993,35.3326516
49.3020915,31.9455837
48.487338,36.6725929
53.5557326,28.4976969
51.8686657,32.0119245
49.8691416,31.8321855
51.6799501,35.4767397
51.0572342,35.6592421
6.859351,51.4980458
-76.727392,39.962398
19.8186432,41.3273683
-117.8754963,33.6235986
-117.9026558,34.0886811
24.3654077,55.729171
19.4849915,40.4582944
-122.7461341,53.9172526
21.2418675, 28.4563248
-81.9320157,34.9498007
-118.1875049,33.7776499
21.8768308,45.320454
-79.9900861,40.4416941
44.765908,43.2177784
59.9508466,57.905149
-47.8827491, 15.7941878
-38.4820771, 12.9816356
22.0154341,50.0389525
-87.3098696,36.5285918
11.3927685,47.2654296
6.6327025,46.5218269
114.6147159, 28.77035
43.6444625,3.1199508
43.8912283,4.1232117
45.5031287,2.7781441
44.53333,1.78333
-118.4009164,33.89518
42.75056,0.07222
42.7740144,0.4931586
44.8935749,2.6191506
-80.2470591,43.5461764
144.3615609, 38.1496881
-79.9402728,32.7876012
-122.2688278,37.5601324
37.8042197,48.0010796
19.9503207,49.2947723
-77.4420183,37.541239
5.986167,50.8842812
5.48784,51.43406
49.1799568,11.2784679
45.2040946,4.7355786
47.4308257,6.7697256
47.37,10.61806
47.3577768,8.4755586
44.0650021,9.5600006
4.4631727,51.9228958
5.91167,51.98466
36.0666, 0.2832978
37.6500063,0.0500034
37.2682336, 1.521219
35.2833, 0.3666
6.8936189,52.2179694
6.7918655,52.2670143
5.21233,52.37445
6.5680421,53.2190692
-122.2048017,47.4747741
-122.2013998,47.9673056
30.0268526, 22.3453519
-122.891333,47.0414804
-71.2519852, 29.9026538
-71.5514112, 33.0188892
-106.487287,31.7600372
149.8421765, 29.4641831
29.7783333, 28.5519444
-118.7950658,55.1703072
-110.183056,54.465
2.2476436,41.4500947
-8.4759024,54.2718711
-6.2611661,53.3492787
-104.6,52.866667
-107.7897766,50.2921195
-108.2939921,52.7811146
-122.6901612,49.2221074
-122.9500111,49.2500011
-122.4941877,52.9755393
-121.95,49.166667
-122.85,49.283333
-122.7651991,49.2559998
-122.3,49.05
-120.833333,56.25
-125.25,50.016667
-123.1666718,49.3333281
-97.9339763,49.1825586
20.6110759,52.8814075
173.2836756, 41.2710849
-76.7928128,17.9712148
176.252922, 38.1381493
122.2176092, 17.9640268
147.0646345, 38.1054104
176.9181214, 39.4910366
18.2873915,49.8369609
22.417088,39.6369927
22.9352716,40.6403167
141.3543999,43.0619001
27.3339743,56.5051394
-73.9284101,41.7065779
70.4601355,34.4301914
-78.5120913, 0.2201687
-77.0306154, 12.0459739
110.3764518, 7.7871982
147.3273244, 42.8824593
24.7937765,46.2176969
151.6666059, 30.5133616
-116.559642,43.5737361
-116.392326,43.6086295
26.6656814, 26.8625383
26.0236504,44.9417468
174.0806474, 39.0579941
27.7755556, 26.0955556
-75.4716219,40.6022032
30.6044785,59.7484419
9.91992,57.0480541
-71.5370216,43.207106
178.0150687, 38.6609674
5.3031044,51.6889351
-21.9399489,64.147317
20.456805,44.8178836
121.2183594,24.9457522
119.5664994,23.5658452
120.4884652,22.6697227
120.3119216,22.6208556
121.753476,24.751682
120.2793633,23.1724781
121.28468,24.92885
120.52736,23.697651
120.452538,23.481568
120.818869,24.5614721
121.0043171,24.8396517
-40.2458578, 15.2451518
29.3682312, 3.3585234
175.2813186, 37.7876214
74.2016285,32.1622967
-80.0807007,42.1155716
152.7007731, 25.5460201
-80.9892314,46.4897869
11.2550368,43.77041
11.1137891,42.7599201
10.5024804,43.84149
10.401906,43.7159277
11.0969262,43.880598
-73.9865813,40.7305993
-99.1332104,19.4325305
9.668953,45.6979811
9.0856219,45.8104264
10.7968319,45.1598944
8.823913,45.8183902
-6.5812073,34.258942
-6.072605,33.8302864
7.6859719,45.0709201
8.2068525,44.9006793
7.5478699,44.3895619
8.4227666,45.3251557
17.6346815,47.687609
11.1265895,46.0673238
12.3290979,45.4386706
11.7900471,45.0709468
10.9935543,45.4382222
-3.7874961,37.7701448
2.4448353,41.5398292
74.0639783,32.5684068
13.6184546,45.9412541
13.2376674,46.0650933
9.843378,44.1105467
85.3079209,27.7089628
13.5896536,37.316522
15.0870338,37.5028972
15.554114,38.1940297
15.2829873,37.0714069
14.887335,37.6162936
16.598705,38.890788
17.1271705,39.0806571
15.808567,40.644317
14.66753,41.560027
73.7445689,33.1475393
15.7744445,50.0375106
12.3890104,43.1119613
16.861828,41.125606
18.1718482,40.3570373
16.2908676,41.2306372
152.8535216, 25.2985784
14.7824639,41.1295587
14.7660005,40.6779286
12.0409384,44.2226017
10.3280355,44.8013504
12.2017617,44.4161414
12.5686168,44.0593654
13.5863341,42.8546936
12.6366336,43.7263496
13.3934795,42.3650435
14.2137512,42.4645699
174.3198652, 35.7267854
-112.044349,43.4930789
12.4841965,41.9071505
12.9035737,41.4672589
12.1039438,42.4164974
8.550912,40.729561
73.688386,33.3443322
113.6576408, 24.8826103
20.1963624,47.1749325
25.8528901, 9.202087
53.9906132,57.0525057
-122.1634477,37.4421624
67.019108,30.1898249
54.1247155,56.7726985
25.7458628,62.2393888
29.2919545,0.1249694
-8.7244751,42.2376383
-71.8908086,45.40379
19.0404712,47.4983377
37.7681522,44.7241965
153.0917833, 26.6547164
25.8614287, 17.8531351
68.8588668,27.6961848
68.7645553,27.5302844
-4.193018,14.5000371
-6.2680397,13.4415633
-48.5341646, 27.5900014
-72.6173667,45.1126249
-72.7328818,45.4080006
71.981283,34.0155606
-113.9952608,46.8700593
-111.3068028,47.50527
106.7074328,20.8476125
18.3172975,43.813319
43.1270083,36.3465735
26.1027436,44.4361391
-119.6970239,34.4098107
31.5982172,4.8434842
51.9297862,47.1140881
-44.3180421, 23.0066543
42.989606,36.8540338
-81.3790462,28.5421175
31.3738839,21.7904253
-122.2728222,37.871571
21.8957301,43.321504
-75.9288612,40.3364587
147.0025982, 6.7321517
20.6259668,50.8746557
-66.3770444,50.2128658
-77.1445069, 12.0465478
73.0790834,31.4186796
-120.5296561,46.5967275
149.1264221, 36.23563
49.6640767,58.6032812
148.6925158, 33.8349393
147.3677739, 35.1149957
141.4650344, 31.9584258
100.6446231,14.8040492
100.2568064,16.818956
73.2223223,34.1575766
151.3561111, 32.8333333
148.6026502, 32.2478964
150.931072, 31.0917974
151.5511123, 32.7316683
72.8562668,32.9326612
112.7447936, 7.2445967
151.3417318, 33.4250175
28.5825271,43.8158666
101.3713628,14.0549259
28.7762951,55.4857019
146.0468933, 34.2878405
-116.6248246,31.860742
102.6133707,17.9640988
0.6267842,41.6147605
-93.6037149,41.5910641
75.1746226,30.819294
24.8719422,44.8572343
18.0882728,51.7650782
26.2515719,47.6472323
25.7886792,45.8616793
14.2398479,36.0428907
28.8605935,47.0122737
23.0559388,47.1815951
44.3660668,40.2972796
44.5125849,40.1776121
41.2317371,37.0539702
21.9218706,39.3633232
26.6324659,44.7167675
-1.7519316,4.887401
101.406511,21.0060466
102.1056616,21.6834928
-2.8467532,42.5770013
106.726536,15.3473583
103.1866259,19.454856
21.4281115,38.3687776
22.9457579,39.3609876
22.3986938,44.72284
24.3664979,44.4296704
24.3735182,45.1100616
-121.2880059,38.7521235
27.3311998,44.1960915
28.2694353,44.2471725
-51.5209306, 29.1654171
-51.6059652, 28.783079
153.41546, 28.0020594
26.2513165,50.6196175
22.8797292,47.7945819
-73.4879659,44.6967952
40.9256164,57.7672092
149.1867614, 21.1415238
20.7384293,42.2103619
-152.4072222,57.79
-149.9002806,61.218056
-122.7144314,38.4404675
-117.3961623,33.9533546
-121.9551744,37.3541132
-117.5664449,33.8752945
-112.3261617,48.6330395
-120.6912456,35.6267654
-118.3527104,33.9623032
-113.5841313,37.104153
-118.3406288,33.8358492
-118.3958036,34.0214121
-114.9819235,36.0391456
-122.0399663,38.2493581
-117.435048,34.0922335
-112.0010501,40.6916132
-118.1367393,34.6980406
-75.9852789,40.9646867
-121.4943996,38.5815719
-117.0358646,32.9628234
-123.8157218,46.9753708
-122.0363496,37.3688301
-112.0740374,33.4483772
-121.8946762,36.6002379
-117.0619774,34.0039044
-121.3716178,38.4087993
-117.0814849,33.1216751
-119.7526936,39.5349169
-117.9389526,34.0686208
-118.542586,34.3916641
-120.4358577,34.9531295
-119.2920585,36.3302284
-122.3477486,37.9357576
121.8936147, 33.8592856
-90.2290099,39.7339361
-95.2091006,29.6910625
-92.0198427,30.2240897
-91.1129234,40.8075391
-109.5462146,38.5738096
-106.6509851,35.0841034
-92.3429631,42.4927641
-93.1022043,44.9553658
-97.7277959,31.1171194
-95.2352501,38.9716689
-97.9297743,38.0608444
-100.4995214,28.7091433
-104.9847034,39.7391536
-92.2895948,34.7464809
-96.9488945,32.8140177
-95.9378732,41.2587317
-90.4070632,39.3022693
-97.1080656,32.735687
-99.141433,29.3474631
-94.1574328,36.0625843
-97.1330683,33.2148412
-98.1128223,32.8084605
-97.4890856,25.9140256
-97.3955744,27.8002542
-94.8161127,38.8843867
-108.5506486,39.0638706
-98.6863446,29.5627819
-92.4451371,31.3112936
-93.2173759,30.2265949
-104.8319196,39.729432
-90.5776368,41.5236436
-90.0633625,40.3014316
-104.609141,38.2544472
-97.3375448,37.6922361
-100.896761,29.3627296
-98.1244607,29.7030097
-97.9908429,26.1595156
-98.6186317,29.4952307
-97.7425618,30.2674473
2.1702046,41.3856804
1.1076133,41.1555564
-88.109875,41.8663868
-86.1580447,39.7683795
-88.2942493,42.1655801
-86.5861159,34.7304322
-88.3086977,41.9141984
-85.3096801,35.0456297
-86.8024326,33.5206824
-88.813947,35.614517
-86.618842,30.4057552
-88.0817252,41.525031
-88.3773279,39.4842821
-87.2169149,30.421309
-89.9112124,38.5922715
-85.6545729,30.1600827
-87.500043,41.5833658
-86.5705084,30.7621326
-85.6457663,42.6745321
-88.5405213,37.7385
-88.9548001,39.8403147
-85.1386015,41.0799898
-89.093966,42.2713945
-85.5872286,42.291707
-88.3200715,41.7605849
-81.0558894,29.2858129
-84.3901849,33.7490987
-82.7873244,27.9094665
-82.3534728,36.3134398
-84.5138592,39.1014564
-82.4584279,27.9475216
-82.8001026,27.9658533
-80.8075538,28.6122187
-81.8723084,26.640628
-81.9498042,28.0394654
-80.1433786,26.1223084
-80.0996306,26.318342
-80.7209149,40.0639616
-80.6429695,28.0331886
-80.0728201,26.4614625
-80.8431268,35.2270869
-81.2595487,40.8372858
-84.9992683,41.6348464
-80.1272705,25.7881436
-80.0533746,26.7153425
-83.376678,33.9595974
-82.4609603,35.3187317
-80.3975399,27.6387163
-82.5748194,27.4989278
-81.2207673,29.5541432
-81.6326301,38.3498221
-80.0664309,26.5253491
-81.655651,30.3321838
-82.0453664,26.9297836
-81.9748429,33.4709714
-80.0830984,26.3586885
-81.0998342,32.0835407
-82.5540161,35.6009498
22.37244,37.5102098
16.5743698,51.843306
38.4375968,55.7955391
-79.8011553,43.3235642
-79.6441646,43.5892854
-78.8783585,35.0526641
-78.8783834,43.0206785
-78.8783689,42.8864468
-79.9414313,37.270973
-78.394736,40.518681
-75.163789,39.952335
-76.7074502,37.2707028
-77.0363716,38.8951148
-79.7919754,36.0726355
-75.5993692,38.3606736
-75.88131,41.2459193
-77.4019268,37.227928
-75.5235167,42.5311891
-77.7199932,39.6417629
-78.7625185,39.6528654
-76.1474244,43.0481221
-75.0393368,39.4020593
-76.428003,36.9787588
-78.6386145,35.772096
-78.1633342,39.1856588
-74.4229351,39.3642852
-73.2006687,40.8559314
-71.4128343,41.8239891
-74.1723667,40.735657
-72.589811,42.1014831
-74.4518173,40.4862174
-74.0776417,40.7281575
-74.1979576,39.9537359
-71.8022934,42.2625932
-73.425676,40.868154
-73.2114941,44.4723989
-69.7793295,44.3105322
-68.7710786,44.8011669
-70.2548596,43.6610277
-72.9153827,40.7792653
148.7876982, 26.5717226
-71.9570622,46.055102
43.0666626,44.0410835
-43.0426162, 22.6604221
-42.8983121, 22.7554207
121.1717845,14.585672
21.4312256,41.9958279
45.4094332,39.2102119
-43.1154552, 22.8832371
69.4733654,56.1109131
-86.2745569,12.1357464
66.6157469,66.5375387
175.070218, 41.1240674
65.3218732,55.4543487
44.7680018,38.1970009
-73.8287965, 41.8681587
44.7884942,41.7185081
16.845429,46.8390658
44.9910574,41.5577151
37.9163892,59.1286965
19.1349298,50.2806917
132.56549,34.2489904
132.21964,34.1671703
40.1043183,44.6062704
44.2701877,46.3069981
45.1836899,54.1877469
94.4235529,51.7078797
45.6861979,43.3200783
158.6467983,53.0626972
48.0374537,46.3489385
150.8051261,59.558853
41.4487,52.7296
69.0247617,61.0026882
52.3992173,55.7420117
73.3962717,61.2540052
55.9522577,53.6323734
43.4617405,56.2382157
58.4738184,51.2305134
76.58037,60.9340439
86.6427311,53.8730301
41.1252241,44.9986975
61.9204311,56.404903
37.8340201,55.9205587
42.1960235,47.5087417
37.89377,55.6783142
60.107973,55.0695805
41.3140018,56.3583676
59.9433316,56.905645
41.9408684,44.6333559
49.6038982,54.2188995
37.4231938,54.9156686
42.0447,55.5738
54.2615113,56.09923
39.9359914,47.7558238
38.4884539,52.613814
72.6097159,61.0956949
49.9483631,53.0992438
84.8810109,56.6031627
48.2938068,42.0576987
88.0704615,53.686445
132.1853629,43.3570377
68.2505938,58.2012851
35.8851686,34.8936203
-59.9856354, 3.1331055
34.7804076,32.0193121
73.8282358,15.4992456
140.7236624,41.7689895
-84.1027068,9.9354829
-59.109508, 34.5668306
-57.5500036, 37.9999965
-68.0549937, 38.9574756
-60.5171971, 31.7432607
-58.9138501, 34.458733
-60.4393207, 26.7928815
-58.269444, 34.720278
-64.3510601, 33.1315202
-59.3349156, 35.4005052
-65.4169479, 24.7913958
-71.2993226, 41.1417265
-68.5283829, 31.5358502
-66.3357164, 33.3020357
-68.3271603, 34.6168424
-60.7029753, 31.6184553
-64.2623594, 27.7938509
-68.3073246, 54.8069332
-62.2654621, 38.7176804
-58.2125517, 34.7613064
-60.7166716, 32.8166653
-58.0173305, 31.3972539
-65.4674157, 25.2800807
-58.8347648, 27.4717843
-57.8822221, 34.875833
-58.1771174, 26.181931
-67.6890999, 34.9775147
-64.4941177, 30.9830341
-66.8559899, 29.4127298
120.3867938,17.5729636
120.9799013,14.5906074
123.53868,13.2400886
125.3333329,6.6833331
125.0858527,6.9613114
120.9041184,15.7134749
122.3640619,11.7089057
121.074403,14.5266254
121.0334694,14.5774598
121.1055236,14.3131022
123.1573434,9.5162047
126.1520315,6.9121922
125.0916892,7.0083491
124.0107733,11.049222
123.623185,12.369168
121.0996864,14.633138
120.9478036,14.6569825
125.7400326,7.0878084
121.0410436,14.3940614
120.3178177,16.6158966
124.0052543,12.9707848
73.9027199,33.5137513
150.1839141, 26.6595434
-64.7952367,46.0915426
-64.7365297,46.0934504
86.1661141,54.6654427
100.3702372,5.3983017
-49.2541945, 25.4356497
99.5035932,18.3000259
102.2395824,6.117816
49.586973,25.3726249
45.1475566,40.8791349
-73.2533401,45.3056879
-80.265587,43.1409015
45.3320458,39.7591317
98.0052496,55.9415755
46.7456788,39.757369
44.5512421,39.9584944
-35.2080905, 5.805398
30.5556933,37.77035
-115.4559144,32.6286813
-70.6510489, 34.1824902
-70.9305106, 33.6645926
-70.7251932, 32.7507426
-70.7263833, 34.064506
-70.8616739, 34.4087757
-72.7087103, 37.7987261
-70.7388956, 33.8102479
-73.1359325, 40.5740489
-72.3516594, 37.4703732
-71.214386, 33.685678
-70.9891244, 34.5837722
-72.3156036, 35.9670513
-72.9572712, 36.61706
-72.0685104, 45.5712029
-71.5981258, 35.8454041
-71.3772422, 33.0468644
-70.5754736, 33.6095279
-70.3979234, 23.6463736
-70.3210117, 18.4786617
-72.0043825, 34.3876573
-71.2031592, 30.6029518
-70.7766796, 33.5172118
-71.6153581, 33.0475721
-70.5432071, 33.4079711
68.2305287,43.2919702
5.9639463,52.2156756
73.5999837,33.0267486
48.6398439,40.6335347
56.743889,24.368889
54.0957066,17.0148202
58.5938846,23.612386
47.0512947,40.7653175
18.2595624,52.7952408
147.1498377, 9.479082
-0.0374354,39.9859954
47.6022657,35.8715311
4.3095222,52.0799047
4.4824271,52.1598645
6.0943765,52.5089759
27.9910035,7.6999269
98.8560599,25.85091
6.9292036,51.5215805
8.5313701,52.0191887
15.624893,48.2048036
8.7029532,48.8908846
-52.360375, 31.7737829
6.7497693,51.4334338
8.6948125,49.4093608
6.4417084,51.1911458
8.7662861,50.0887662
13.0666999,52.4
13.7381437,51.0493286
11.5833091,50.9331401
7.1832976,51.2666575
7.7689951,49.4432174
7.5943348,50.3532028
7.4610436,51.3573015
7.810083,51.6783151
9.934507,51.5336849
8.4044366,49.0140679
8.4391173,49.4792355
6.7637565,51.2235376
-2.1348241,40.0681156
-2.4628135,36.8414197
-4.0253813,39.8578174
-2.4642041,41.7633842
-4.5327631,42.0107054
-0.4080604,42.1381927
71.3920902,42.8943882
27.5025148, 21.1663604
76.9613215,52.2823666
-81.2460912,42.9894583
-80.8828849,43.0391555
69.1615712,54.8629255
65.4932971,44.8575482
63.1349969,52.9656983
73.7760385,33.9814509
26.02311,53.126662
28.3423116,54.0990834
-40.3041266, 20.2981058
-6.641549,4.7581592
81.322051,43.9105516
63.6294829,56.0873642
-49.2566208, 16.6801564
-35.7339264, 9.6476843
66.556883,56.4956947
71.3524327,55.5630463
72.9800348,31.7219942
115.316667,38.416667
113.6534767,31.3182172
119.1775,36.296667
105.9277805,26.2496958
114.33633,36.1023552
123.151389,45.437222
115.4833263,38.8666514
107.1749927,34.3674346
109.1068061,21.4799081
123.7941704,41.2808849
117.3503508,32.9423159
105.356027,27.449347
118.0163414,37.3825083
106.6166323,23.8998082
113.7637651,34.220281
125.3140927,43.8944401
112.4273725,26.3227743
116.7693525,23.8380002
119.9388011,31.7895257
112.8843552,36.4556436
118.9670743,42.2724253
104.0613634,30.6765038
105.6956747,28.5914382
121.233333,30.183333
118.0881311,32.6008384
125.1014811,46.5969028
107.4981539,31.2152403
111.8333696,30.8311645
109.5703801,19.5146417
113.0280304,34.4571942
112.0837091,32.6888657
116.305416,37.4486676
110.4836703,29.1230921
113.9340502,22.9495258
108.6595219,19.1137235
104.6199648,35.5815951
109.5085057,30.3527488
114.779787,30.4883152
120.225278,29.267778
128.216667,43.35
121.4009873,29.6609939
124.0651436,40.4542503
132.6309698,47.2471984
119.6435108,27.0912322
113.1484886,40.4261953
119.2957071,26.0792078
119.9546804,30.0532426
121.6519105,42.0158373
107.457974,26.804999
103.1537158,23.3817678
112.4561939,23.0302295
119.7609824,36.3820785
114.828611,38.033611
110.2847529,25.276006
117.2104189,28.289114
115.662202,32.187328
104.2960851,31.0019579
103.6216424,30.9969378
108.0476713,24.6973047
106.2596622,29.9933317
116.083333,38.433333
129,42.516667
110.3409936,20.0423626
126.8558235,47.3872542
120.683333,30.533333
110.361389,35.575278
114.483333,36.583333
120.1493348,30.2665645
79.9362064,37.1127311
113.5292421,30.0126569
117.0250917,32.6604304
116.763279,33.7255842
108.8762235,23.8106804
115.701111,37.732222
114.9858457,23.9736174
113.7976228,35.4625141
130.3499999,42.866667
114.296111,38.080556
114.424149,23.1390839
115.3867905,30.8750379
106.775599,30.3843078
104.5532107,30.3915544
127.3389561,43.7190043
120.0101348,36.2904073
120.2635318,31.9080727
118.3177479,27.0359781
114.8028257,27.0379471
119.5574255,32.4286378
111.8213111,36.5862656
120,29.107778
116.5849266,35.4125047
111.8772834,29.6304023
120.2693683,32.0165721
102.2015065,38.5154898
120.4502879,36.3912177
117.204121,29.2909294
120.7442922,30.7649216
115.3540362,33.2619055
116.1718045,23.3286089
124.1225,42.625278
114.3472038,34.7961106
112.5810521,35.0945453
114.103889,35.427222
96.6647884,40.6487883
109.7316848,28.3201973
121.615278,41.494444
120.8511978,40.7489684
115.033333,38.033333
103.7619922,29.5608755
111.454788,27.6686694
117.1251351,28.9716573
111.6687488,32.3867421
113.3470997,25.1313491
116.683333,39.516667
120.5158492,36.8618279
120.952182,31.3852381
84.9093735,44.4195345
86.144541,41.7613869
103.2071729,35.5920192
113.4791419,29.4746532
109.405756,24.3161021
129.4149054,42.7674811
117.8107815,24.4501615
117.0306623,25.0982166
104.9313723,33.387124
111.6729618,27.6897166
115.9832852,36.4502778
110.2833464,21.609612
99.5512428,23.9480307
111.5150764,36.0941478
108.9216936,30.2873589
110.8704085,34.5227346
112.815,34.179167
119.256389,41.115
125.768056,42.4875
112.7808419,34.9065165
104.1979778,31.3413886
132.0457339,45.5001725
111.6763839,27.7529326
113.2368513,36.3334278
111.3053791,37.7356348
112.4209629,34.6556873
115.0302282,31.178861
118.5227702,31.696178
129.2543229,43.9514942
121.012778,30.698889
119.953212,36.7865116
120.7599494,37.8137692
121.993611,41.131667
118.7741854,32.0370824
115.8979149,28.6965374
106.0835539,30.7955696
105.0581721,29.5892089
114.3064615,25.1192792
114.7232862,25.8085665
115.4217992,28.0353411
121.656138,31.8127933
110.4634101,19.2438517
131.0936014,45.8073819
107.5998298,36.2443882
106.348323,26.732666
118.4575,36.663333
113.8700896,27.5781264
106.6798544,35.5410175
112.8926128,30.4219671
113.8861511,29.7268981
117.4887638,27.2295187
116.6948819,23.3652979
114.0570068,22.5462321
120.816667,29.595833
128.4188059,44.8604923
109.9353876,33.8678555
117.9684823,28.4483545
116.0274359,25.8787449
115.6558998,29.6755033
122.4178157,37.1613899
111.1913908,34.7883613
121.525514,36.9136248
118.5851458,24.9038801
119.5290707,35.3979052
106.444535,27.885688
121.1057705,31.4545892
120.0165666,32.1694795
119.9117284,32.4849554
126.8087066,46.8804664
113.465844,31.9209211
117.2056897,33.8696999
117.1039464,36.1945445
132.6455163,46.5227207
124.45,43.614167
114.4786108,38.041389
104.0346081,31.224856
118.7322549,36.8762356
106.5160381,38.9944325
122.0479985,37.1960899
110.8047733,19.5420707
122.1157835,37.5122725
110.3838926,18.7962946
87.6055852,43.8059382
89.1818591,42.9479104
129.816667,42.966667
109.5142273,18.7781595
117.8085531,30.9338577
133.0573304,47.8585953
116.9534843,31.0529487
124.323611,42.625833
105.7156047,34.5785694
117.208214,39.1209891
116.0800304,43.9450508
101.9796695,27.8898704
108.9423748,34.2620635
114.2638935,29.666092
108.7173419,34.3359953
114.9031316,33.4430697
112.8995403,27.8595302
118.1056181,24.483445
102.6260784,37.9251159
118.3536912,31.3425803
114.2993552,30.5959751
114.1973429,36.6934089
110.6295542,26.7277472
112.3488194,31.6827101
111.3803381,30.2874213
121.389225,37.5352544
129.508624,42.8958875
120.0709185,29.311254
81.35,43.9
113.5830615,30.9641686
122.523889,40.376944
110.4438982,34.8704769
116.3663081,33.937026
112.3517104,28.5874116
120.9584124,28.1259515
112.6804982,38.8516147
111.8239061,25.9078145
113.3809573,34.7899788
121.9676679,39.4011493
119.8321293,32.9325092
108.4738726,34.2989698
113.7336778,34.3971133
118.3490885,34.3759105
115.203611,37.902778
117.564722,35.89
110.9407826,22.3563341
113.8237291,34.0316195
118.7577244,30.9470283
111.95935,21.8526328
119.4365759,32.3926973
109.4850203,36.59631
102.6479851,29.3593272
115.9688632,39.4830388
120.234167,29.716111
122.9703398,39.6963769
113.313866,22.1760613
104.7610274,29.35702
113.4875166,25.930702
107.074807,28.154688
115.5532659,29.8510364
112.5413393,39.5927372
110.1498186,22.6354097
111.0537155,35.2180391
126.5414664,44.8231858
102.0329865,24.1307251
117.5532645,34.8681906
120.5426833,31.8664895
114.884129,40.8236135
100.4508213,38.9311885
112.4728451,23.0515551
110.4040585,21.2020013
119.458012,32.2139599
111.7431424,30.4286242
114.6423617,33.6306299
103.8284264,30.0474046
106.6331958,30.4591677
106.768672,31.8604839
97.3595496,37.3697875
106.2748368,38.467292
112.1718055,37.9065072
120.1448446,32.5059492
118.702651,24.7233785
116.2129153,33.5099051
120.7408552,31.6434085
113.489139,33.2830147
113.6428613,34.7325867
124.397222,44.887778
115.523056,23.0458798
117.153469,35.0830599
113.1041238,23.02804
147.1373499, 41.4338399
-71.1753274,46.7910096
65.7931396,38.8442225
71.6686208,41.0005034
76.957393,8.5058006
78.144878,8.8054131
76.3325454,9.4980634
76.9611752,11.0028346
79.8279208,11.93213
74.7391199,13.341359
75.7049579,13.8409422
79.986562,14.4423989
75.6299112,15.4264339
77.2730894,15.6253313
81.5352293,16.5381761
74.5683,16.8525
81.7801814,17.0048598
78.4747305,17.3616227
74.0041726,17.688321
76.9517347,17.8645956
79.565029,18.007197
76.5619342,18.398809
78.098504,18.6719138
75.7542291,18.9904059
75.8890539,19.8431329
73.7892625,20.010306
74.5191938,20.5481397
74.7732,20.898
77.7573107,20.9330392
76.2267,21.3045
73.0121,21.7279
76.3568299,21.8205346
82.1437866,22.0895425
73.1961083,22.2954158
87.3012875,22.34309
72.9621513,22.5585986
75.8661,22.7171
79.949055,23.1607334
77.3934611,23.2604728
86.9737526,23.6866074
91.2831251,23.8323292
72.4408,24.1701
73.7016537,24.5720843
85.0041735,24.7970411
88.7799,25.2256
74.636,25.348
84.6755,25.5621
94.101197,25.661866
84.7512,25.7784
74.3159903,26.0861673
73.0334001,26.2989301
74.639,26.4691
84.5074,26.8023
93.6297159,27.1016173
80.6693884,27.5617276
78.0690216,27.8815412
75.3986,28.127
77.826,28.3771
76.5824296,28.897423
77.6961699,29.4662369
74.8736788,31.6343083
77.5821542,34.1629318
58.3856669,37.9379937
63.5787761,39.1007241
6.2693498,4.9383821
44.0341406,32.6120897
146.2404986, 26.3960331
69.6389657,40.2828032
34.8859846,32.087758
36.2597099,54.5100547
-61.751805,12.0535331
-44.365556, 14.422778
-47.936666, 19.750833
-44.361111, 15.4875
-46.5603624, 21.7897833
-43.862222, 16.735
-42.9088927, 20.4163875
-43.850556, 19.770278
-44.883611, 20.138611
-43.773334, 21.226111
15.7336557,50.9019131
55.448137, 20.8799889
72.3670244,40.760107
89.8623207,27.5822384
90.5067411,27.501812
10.6853777,6.2109194
-57.9545515, 34.9213614
143.0391229, 22.3851003
140.5058305, 20.7051873
139.327389,35.8553555
67.105604,36.7116531
-70.2454159, 18.0062892
17.1949291,44.773158
44.3953977,35.4693839
46.2575523,31.0440068
44.6495225,33.7437267
13.585942,7.3252649
53.2215669,29.2721896
53.650995,28.9366105
-5.9225468,37.2794292
-80.5217698,43.4655526
30.222559,13.1833657
99.8150671,17.0126541
77.0297157,28.4643765
-16.5750607,13.4535144
13.6851989,4.5769508
121.5760667,38.9437758
99.8842143,20.4490789
68.7729047,37.8336885
52.6553641,31.1592702
56.5717384,29.9283973
56.8069974,31.2676737
-79.5166741, 1.8166645
-79.6523847,0.9668153
-78.1179933,0.3505225
-79.5935005, 2.1289136
-78.6473548, 1.6726717
-79.1597032, 0.2457286
-16.9243534,14.8049629
-16.0698222,14.1562682
28.4679262,49.2319915
-70.6905536,19.4503469
-70.5278696,19.2222762
-68.9751982,18.4275592
-69.0400604,18.7645664
-69.8496487,19.3746624
-70.6940515,19.7893977
-71.7041073,19.5527502
-70.7321605,18.4533098
-70.1073131,18.4171566
-70.4090938,18.9378669
15.0247911,12.0755638
15.7919411,4.258773
71.6638747,29.394644
71.6344196,29.5390395
71.9278916,30.3022528
70.3036512,28.417607
73.5998771,30.8782508
73.1090973,30.6686664
36.0903971,32.0652191
68.6356297,27.9507336
9.768665,1.8650897
79.8848068,6.8670007
68.4397596,28.2820696
135.8159841,34.6852991
-73.4488786,45.5371133
28.6692373,50.2598352
-6.3443977,38.9174665
2.1087937,41.5464208
7.3088547,45.7343472
-71.0774108,19.5515319
-71.7020829,18.8751567
-71.7440615,18.0391213
37.1990245,55.9966382
68.284193,25.4289814
67.7805814,26.7293289
68.7198264,25.4619907
29.8205953, 19.4616316
32.6704728, 18.9746556
4.0439212,36.7119156
14.2511363,53.909585
37.3404142,55.821744
38.4801754,7.0538076
19.0448936,49.822118
18.9971783,50.1179845
16.7390964,53.1493864
23.2558211,50.7183958
72.3577443,32.2978711
39.3154202,48.5688212
70.6516579,30.0524035
-70.132216, 15.4915945
19.2176354,44.7573468
-45.1908947, 22.8057872
72.7963581,40.5331113
78.3871577,42.4900118
20.5823285, 4.3312167
13.5944913, 1.627156
46.9872775, 25.0282564
46.317202, 15.7181293
120.9881934,14.707415
121.023532,14.5568853
-6.4524555,6.8776251
30.1116924,49.8038191
32.6131115,46.6551209
32.9014417, 2.5196915
53.8192957,56.477334
37.3426044, 3.3554739
39.1032237, 5.0815735
-122.4398746,47.2495798
38.1774172,55.8070323
110.4231086, 6.9689375
19.7751743,3.2549634
38.1846919,48.2303208
37.6058241,48.8522691
129.1940775,40.6718139
129.7858793,41.7869218
125.8685712,39.2466055
124.3981121,40.1027521
-123.0056851,49.1323438
48.336953,58.305467
104.8866196,12.710475
103.1970383,13.1020539
106.005542,12.5315662
102.093247,14.9870626
126.9013813,35.1563895
128.6014509,35.8714381
127.1499935,37.4333312
129.215273,35.8377869
128.6665024,35.2263292
129.3216349,35.5399088
90.4098792,23.7282161
-40.2921742, 20.3409016
35.6940593, 7.7816349
127.0265672,37.2629125
102.9472533,11.6289336
104.857949,15.2275367
36.7893746,46.7611424
-72.0115993, 17.0189918
35.6467299, 10.6717191
7.335124,51.4370171
-149.562742, 17.5333072
123.8943574,10.3089886
-3.1647207,40.6330279
-40.5803746, 14.8663377
36.8902238, 17.8775914
-48.9519526, 16.3338602
-81.5791331,23.0496271
-79.4432199,21.9355341
-77.9139193,21.3856148
-75.2090079,20.1430342
11.6191158,44.8370855
110.8162133, 7.5652944
-0.9841647,37.6040633
14.4305664,27.0332019
54.3705761,24.4747962
21.6451232, 21.6990381
113.5444934,22.2524871
28.0497222, 26.2049999
37.9955106,55.9232116
34.0226422, 11.4607518
123.6017755, 10.1632209
56.3436798,25.1253869
51.5271555,25.2852489
28.7891451, 31.5890754
6.8629672,33.3639528
140.9800338,42.3504352
44.0215268,13.5752242
134.5500111,34.0663719
38.9326539,15.338776
21.2000369,6.2605641
125.9375019,39.4242598
-63.8499377,10.9592232
79.8367994,7.2105012
81.6944524,7.7103835
140.301496,35.644295
140.1073909,35.7382135
139.940372,35.798245
139.9823488,35.6945727
140.360816,35.81282
140.213776,35.695314
139.9190385,35.0133455
140.538174,35.856102
139.9061535,35.6446735
139.8639215,36.008521
140.0126305,35.8585315
140.5555825,35.69454
140.2673885,35.1793715
140.0008712,35.7765888
140.1357445,35.393084
140.0155855,35.4113935
140.0675645,35.8706835
140.0009695,35.3893115
121.647964, 8.8439147
25.6097033,45.652556
32.0669817,49.4385726
34.6132068,48.5033688
34.397875,47.5708744
29.617825,46.8523537
35.3268273, 15.3863208
-48.1026483, 15.8832564
-47.9965616, 16.010349
-9.1328948,38.7128335
-110.3237322,24.1490383
-75.5261554,10.4225404
21.8037989,54.6404098
37.8554406,8.982104
117.2726983,31.8597515
-41.1140183, 20.8436332
95.314609,5.5554075
-7.3192079,54.9942962
-6.6540432,54.3481977
26.58588,48.6769373
-75.2063189, 12.0761679
-98.2386138,19.3167101
91.1722827,23.4195748
153.1056073, 27.22517
-40.3064477, 20.1252961
-71.1443029,8.5974293
121.3255974,14.0700502
-147.6330529, 14.9716871
139.293696,35.40868
139.4549505,35.471607
139.3878766,35.4347349
139.3201705,35.4670795
139.306975,35.3579685
139.455407,35.3626255
139.4301315,35.437569
139.6614515,35.2601035
139.071171,35.312033
139.6425585,35.556229
16.6186252,47.2296825
-100.9763993,22.1516472
-100.81002,20.5264038
-101.1924816,20.5714107
-100.7454754,20.9127076
-90.5362112,19.8442659
-88.2908878,18.5020725
-93.1149019,16.753892
-99.9051616,16.8536969
-99.6562765,19.2866415
-103.3458071,20.6769562
39.1854832,21.500526
-75.2384397,4.4426194
35.8492381,32.5556005
29.6363105, 1.5040504
31.2498968,30.0505012
68.8674964,36.7172384
64.6374914,25.2105634
69.4479828,31.3412293
121.6141794,13.9260426
-78.5173223, 7.1567997
-76.3607717, 6.4896867
-99.2463194,19.5617985
46.3702308,35.3102792
-49.0778063, 26.4897432
7.6251879,51.9625101
-106.0832104,28.6545116
-110.8994059,27.9216441
-109.4474988,27.0689373
-107.3930507,24.8017193
-101.6825081,21.1218598
-98.2963932,26.0704018
121.1570043,13.9400831
115.2192683, 8.6527095
4.35839,52.0114017
42.9433891,14.8001602
37.5605651,48.7200435
18.675193,44.5391105
93.5329862,56.2496647
134.4771922,7.3390599
116.5335597,50.3851082
-71.0678424,48.4054903
40.5519111,64.5460609
8.2146017,53.1389753
135.07694,48.481402
127.6715642,52.0005682
-65.7517678, 19.5846314
12.726479,32.7626408
-48.5180185, 25.5238478
123.9511506,47.338544
34.8324376,32.0873899
8.9891659,13.8063421
7.3933313,18.7390792
-5.4599797,12.3871964
-83.9204407,9.8634474
-78.8637158,43.8976487
127.2716246,53.7403584
34.9906446,32.8109109
34.8107882,31.8954771
34.7488543,32.0161407
34.907459,32.1773471
36.0696609,34.5369359
12.1898461, 5.5633607
13.4951935, 14.9186489
16.3475095, 9.5438758
-61.4589329,12.4815141
124.6075064,11.0044547
72.0346598,34.1917172
71.4399944,33.5967144
70.9090919,31.827527
72.3651365,34.7797842
106.5270048,51.2895156
124.7379997,55.1497453
-46.413189, 23.7105113
83.1066888,54.7578173
72.3103071,31.2728805
-17.2738444,14.7164169
73.9864014,31.7085285
73.6900281,32.0700125
72.6859082,31.1482371
74.3525749,32.3360891
73.2527621,29.9935922
72.6450218,30.7269883
74.1182117,32.4417427
80.2832503,55.1932407
-55.1771974,5.8216198
-88.7694263,17.250283
124.6427972,8.4761427
18.4333286,47.5624832
78.0323686,53.734472
39.8209869,21.4228639
17.3098895,62.3921014
-49.3695517, 28.6791228
-74.7957384,10.979932
56.7794344,59.6493514
39.2615886, 15.1194063
11.0773238,49.4538501
-74.728533,45.0156285
10.1006205,35.6775263
9.8713665,37.2732415
11.056042,35.5038839
50.1039991,26.4367824
54.6641362,59.0146073
2.0111907,41.5620511
-103.4327421,25.5438115
2.8319086,36.4689752
21.7577175,32.7609529
12.4707078,55.6550645
45.3890348,34.3476347
-2.9417904,35.291636
-72.3393295,18.549274
-46.9763131, 22.0583392
46.934991,39.9921288
74.5850876,55.0495352
-78.1326673,18.2193686
75.7828837,11.2442707
-102.8698327,23.1743177
-77.2756973,17.9715581
-79.0566118,43.0946055
32.5423761,15.6405078
45.013354,10.4382941
60.399722,25.3600729
5.4073075,36.19188
5.0565657,36.7426229
166.442419, 22.2745264
132.7037653,34.6664082
8.5510895,3.4615545
174.7732069, 36.8852418
-75.6673295,4.5401135
20.3941544, 9.6593863
-16.2823894,12.5543011
26.7237528,58.3727059
-5.7160201, 15.9277014
-72.6884336,19.4460597
33.2055568,0.4353036
71.5787458,34.0123846
32.6491929, 13.6369203
31.8213657,31.4167427
174.6948533, 36.5892549
-72.8307609,19.9399753
42.5043596,18.2164282
4.6388017,52.3885322
119.8679974, 0.8957793
-56.1628267, 34.8985937
-97.5066758,25.8704735
-99.5046097,27.4933612
100.5959529,7.1984817
104.050584,20.4153785
-65.3083446, 43.2548858
42.7977472,9.3513989
36.5468539,9.0906545
38.5972393,7.2004529
39.5324899,9.6752117
38.31,6.41
37.7289675,10.3402446
39.7408732,11.0813583
39.4644564,14.2798271
134.6388405,33.9078002
-6.8521273,33.9867047
72.9341697,33.9946577
21.4694041,42.4630724
32.8969422,24.0912368
32.7185123,26.1599804
31.0097923,30.5545106
27.2395262,31.3528567
31.6708449,30.72517
77.1690946,31.1052546
7.7460806,36.8970249
140.7035912, 2.5420548
3.2517593,34.6761589
5.7280575,34.8507647
1.3201094,35.3662804
6.9051947,36.8792372
-2.2166234,31.6160969
0.0899831,35.9287762
5.6901938,36.1550672
-76.6060618,2.4418517
0.1509912,34.8416405
7.4281383,36.4611123
3.4963776,34.1529463
3.677037,32.4856884
14.0263442,50.660181
33.5374576,14.3988477
26.1266215,11.4606127
22.4452278,13.4435
102.4200809,18.4953929
35.9334146,31.9506983
-72.9936041, 36.7389066
98.6238919,9.9600729
99.5333293,14.0249954
29.9249718, 3.4284953
97.9616059,19.2902694
139.3890046,36.1474163
139.4556827,36.1387552
139.5393155,36.1730285
-56.713905, 34.3395766
-56.2817519, 34.5242373
-2.3670433,12.2525163
-2.4182581,13.5757773
-117.0599873,32.3664973
-70.2487174,19.2947586
116.06758,5.9451864
10.9896011,49.477271
100.5321597,14.0165371
100.5997041,13.5964801
29.4613889, 23.9058333
133.9105976,33.5097239
32.3045274,2.7703177
-3.799978,40.2836123
107.5369785, 6.8842486
-47.778462, 15.6418168
33.9402286,35.1176638
107.0437431, 6.727007
106.9283866, 6.9204624
-3.8286316,40.3467624
-3.76527,40.3281942
-3.735003,40.3103659
-86.5743436,15.4814724
71.4736279,30.197721
-85.894113,14.8484732
-88.7794046,14.7690163
-88.1776304,14.3082766
-87.8913387,13.6255442
-87.4476508,13.4291256
-89.6802434,13.9853216
-89.8460461,13.9233692
-88.7836392,13.6433169
-86.6666912,14.5540045
-87.6364117,14.4529546
-88.2353335,14.9222236
132.8521439,34.8053518
-77.2766721,1.2130787
134.2950079,34.0520232
134.1425127,34.0413638
-72.3934832,5.335468
127.4686726,36.6335835
65.4695475,32.6240408
-67.48405,6.1932368
107.0946188,20.9559532
31.0898329,2.47945
127.0674931,37.1468429
11.360042,8.894985
7.3460791,5.1176118
64.3613036,31.5851546
64.7822509,35.9203903
77.3085703,54.3648998
132.7435562,34.4268581
109.0128708, 7.7171155
-62.708037,8.3342187
-51.2175228, 30.0209412
-56.9928515,5.9435617
-65.2563418, 19.0420128
-66.1568906, 17.3937989
20.9139839,44.0076621
-57.4408531, 23.4080345
-56.3679837, 26.1966114
-57.1414968, 25.3892135
-56.4477224, 25.7813596
-58.3024033, 26.8618839
-57.5258446, 25.0947145
49.0859559,9.5053085
49.0499335,10.6321774
46.3254125,8.2312796
-11.1863899,7.8859356
132.4437468,34.2230418
132.222078,34.2379212
115.4017227, 8.5347706
28.6365894, 12.9693056
46.7149069,24.6320297
96.1346253,19.7534017
137.2499802,36.1396988
133.3729518, 16.264865
43.4751243,11.353439
47.0882357, 21.4466614
43.1847827,9.935434
-73.754968,42.6511674
120.3375688,16.0424848
124.8408708,1.4900578
100.362617, 0.9522437
120.5920337,16.4137409
28.6320178,44.1719066
69.5353319,36.7358832
-0.8477619,10.786387
-56.0950526, 15.5992274
-54.8145877, 22.2182109
-5.2705958,6.8077501
-7.6093412,9.1386845
-6.480587,9.5261092
-7.6173699,10.0892935
-5.201462,9.5944036
-5.6249349,10.1979006
-79.5054987,43.8197396
-64.7315311, 21.5349268
125.4940023,9.7896937
-79.8408308, 6.766417
19.8738297,42.84672
-118.0395435,34.1373732
102.255926,2.1908178
33.6103555,13.5424054
89.5526585,22.8215655
-54.9180394, 34.7894606
-14.5456743,10.658087
-87.7998149,15.3981829
-13.20512,11.756634
-12.3950499,11.0564638
-9.3055058,10.3830771
34.2559409,31.2747771
-0.3651416,11.7828079
124.0247099,10.5213873
-89.7196385,13.7255715
-7.4657723,11.4108388
80.019176,9.6605977
125.6083097,7.0639758
34.7553633, 0.1014364
-2.0958365,11.0966454
31.3647679,29.8320418
30.9832235,30.048347
-9.6190599,16.6625905
-13.9170876,17.0536598
-73.050134, 36.8269664
9.7008917,4.050666
10.2215963, 0.695844
130.3948099,33.5943693
13.4037117, 12.5790048
15.7280115, 17.0705234
40.5221115, 12.9732959
-112.2593093,33.4500497
-42.8191271, 22.9190616
130.197731,33.5590343
130.5293162,33.5191075
130.3009515,33.2630516
130.884024,33.8825711
35.7971817,31.7168904
-114.7575,32.4726666
-109.6386667,26.8231667
125.1719296,6.1129634
-64.6789015,10.1424373
-69.667697,11.4051406
124.2380814,8.2285115
33.6407303, 25.0444791
81.2294451,8.5765179
79.4231899,13.631655
38.2909423,54.0110136
38.4975554,48.9457932
35.0412808,48.4680396
-43.3116494, 22.7864231
-43.4138222, 22.8080114
-43.4508728, 22.7592175
-41.7866922, 22.3712958
-43.5552283, 22.7155939
-44.4465728, 22.4686428
-43.4000237, 22.7634543
-43.8263236, 22.4703422
-42.3428897, 22.8733203
91.8412863,22.3307998
104.7594632, 2.9898286
43.2543044, 11.6931255
-77.8722825, 6.2292795
-49.4932195, 16.6515453
128.3055843,41.5243917
99.1622994,3.3273694
79.5266898,29.2151635
-90.7853108,14.2996049
-55.509062, 11.8604299
16.337862,46.3075632
80.281807,13.0804251
127.2137081,39.36745
57.7376818,28.6694152
51.58277,30.670689
-75.5735959,6.2440609
11.4317222,48.7659636
2.2083371,41.4515626
-55.2309142, 34.3755191
44.3299926,32.0010227
47.9627349,34.5013167
-10.0547644,28.9859314
126.7877537,37.8556069
-3.4854168,10.9096579
-101.1917316,20.1305681
-58.9865596, 27.4511223
31.6134171,30.0937904
-46.1909469, 23.5241172
129.0751426,35.1799152
129.3119644,35.5383052
126.7660323,37.5034981
127.1480658,35.8242714
127.113893,36.815128
128.889216,35.228327
128.5676914,35.1969322
126.803102,37.379888
128.3446943,36.1195383
126.8646242,37.4784811
127.659859,34.7546257
126.831248,37.199323
126.736902,35.9672425
128.876198,37.751965
127.730025,37.881315
126.71574,37.615389
129.037296,35.335207
128.621108,34.880637
127.002492,36.789547
128.710399,35.133192
126.968922,37.34479
127.200423,37.894835
127.098834,36.186845
128.191317,37.132349
126.85619,35.570052
128.433205,34.854254
128.938847,35.972842
126.880557,35.803815
128.624054,36.805685
128.064562,35.003468
127.060739,37.903428
129.1650944,37.4498746
127.390477,35.416176
128.986084,37.163653
-5.0034624,5.2442592
-51.1595023, 23.3112878
100.5133388,13.8608545
37.5441659,55.4238911
18.394793,9.1432389
-117.1503218,32.7802842
141.563867,42.985199
141.6511407,42.8210658
141.5361195,43.1036011
-57.5155512,6.2453322
-49.2243472, 25.2925439
100.9889619,13.3658434
100.9154199,14.5242982
78.686904,10.804973
-47.414308, 22.755256
-46.347292, 23.533285
-47.293087, 23.199592
-46.8406808, 23.5234673
-46.461263, 23.66767
-45.5512477, 23.0255913
-50.4401061, 21.2076479
-49.869702, 22.979695
-48.5592003, 22.2935853
-49.0048091, 21.1450505
-48.048326, 23.588607
-48.569832, 20.553146
105.7745698,19.811719
104.9881324,22.8267751
108.0041249,14.3616688
108.8097012,15.1191146
105.9764854,20.2545421
105.1454824,9.1790007
103.962392,22.4940822
105.4048829,21.3166514
105.7260685,9.2824882
105.5930165,21.3112362
105.8435398,21.592477
106.3345038,20.4465727
106.8126559,10.9587059
108.2119396,16.0679814
104.8714412,21.7026194
105.0822248,10.0190027
107.0810046,10.3534436
106.6517885,10.9916564
109.1898675,12.2431693
103.4489245,22.4059998
105.3452974,20.8130014
105.669332,18.6706453
106.3673197,10.3595427
105.9019482,18.3452745
108.0027018,13.9862612
107.575634,16.4770248
106.4047541,10.5359654
107.0800003,20.9528365
107.7023698,11.989135
102.844785,16.4346313
105.8893333,11.5336959
6.1662666,51.3662968
-97.5320836,35.4896803
140.9944662,43.190575
125.6826484,7.3004762
22.065133,50.5685372
89.3775152,24.8496814
100.2742813,13.5497782
101.2894948,6.5482163
99.9639583,8.4318153
100.5722073,14.3560372
-7.4992062,39.8204214
-83.9176062,35.9610125
-81.0372695,34.008818
143.8944,43.8082999
141.9105,43.5577
141.8536,43.333
141.7758,43.1961
171.3816354,7.0909924
-171.7692793, 13.8343691
142.0440999,43.558
142.0352,43.5215999
86.0872319,55.3551248
136.3292136,35.302484
37.4542566, 0.5360714
142.4082292,44.165701
-1.2254195,32.1108495
141.1167391,39.3885439
144.2733,44.0205
-52.1017013, 32.0410154
11.8767269,45.407059
101.7177129,17.4932964
100.3708853,16.4384306
100.050465,15.3660285
36.5680221,28.4009685
-76.9736203, 6.035253
-99.5684911,24.8596497
-0.3694564,49.1830653
36.9517005, 0.4192962
-6.8220756,34.0353506
128.75494,35.4832
128.65942,35.26557
128.52551,35.17063
128.04507,35.03742
126.71646,34.99476
128.62083,34.88341
126.38492,34.79091
126.87759,35.61508
128.80751,35.83699
128.56503,35.83785
126.91113,35.80521
127.40399,34.97723
127.72632,37.88075
127.00534,37.82146
127.22076,37.93648
128.88615,37.7431
126.62153,37.67781
127.1324,37.60317
127.23391,37.65673
129.1684354,37.4445497
127.29957,37.40364
128.98666,37.18526
127.8787,37.00983
127.47853,37.21992
127.01138,37.01543
127.22089,37.22312
126.47807,36.77489
127.1978,36.82284
128.18023,36.66309
126.59089,36.32896
127.2477515,36.2754545
128.09022,36.07783
126.9835,36.01582
-63.1820905, 17.7832388
126.50609,33.25901
-63.2556617, 17.3419951
-39.410299, 7.215303
-37.347446, 5.183737
-34.868407, 7.9340069
-61.932152, 10.877741
-37.0078206, 10.8881951
-36.6607368, 9.7511779
-35.2976201, 8.1281909
-56.132218, 15.645816
-44.996838, 12.143864
-39.278056, 14.787573
-38.321008, 12.8978
-38.326265, 12.699638
-38.966293, 12.266429
-47.9492267, 16.2533939
-39.064251, 16.443473
-51.42592, 23.415296
-46.62052, 23.681347
-40.416549, 20.263202
-51.462317, 25.390237
-48.6366069, 27.6135769
-49.4047481, 25.5859389
-49.19267, 25.4429489
-48.8486726, 26.3044898
-51.0144752, 29.939324
-51.1035649, 29.9470633
-51.1608722, 29.8197019
-54.699611, 2.438489
-48.878843, 1.721828
-44.101886, 2.516573
-40.34821, 3.689133
-38.6247934, 3.8778904
-48.204402, 7.192375
-49.2455092, 28.8302641
131.6053072,33.240019
103.7152609,27.3327253
-89.8305329,13.5749451
140.6530655,41.8241674
137.918254,34.7503613
137.854521,34.7164148
141.106595,42.4127902
-36.3596511, 8.9096102
23.5736701,46.069476
0.1388218,35.3984576
122.737009,47.9954052
27.1431923,38.4144843
-67.3539529,9.9078854
103.8905373,27.7518673
34.3126453,27.8892157
-7.2469004,52.652573
43.6816651,34.5898131
36.2010887,34.0037465
36.2302803,49.9901077
14.2463172,40.8506962
77.5844337,12.9724959
115.1265683, 8.5392306
-56.0427888, 34.858432
115.6135572, 8.4464252
-9.1362549,39.4069113
-55.1464302, 33.473488
-0.9877639,7.7535145
-2.3296533,7.3342173
-42.975194, 22.4164578
18.1338714, 0.7367073
23.6056967,1.2324948
22.4666649,2.1833324
25.9184499, 2.9493766
17.9166559, 4.7666802
29.1950559, 5.920512
17.3774958, 3.3201862
26.7396791, 10.9898373
20.8826368, 0.2836634
19.8013697,1.2191683
15.2830583, 4.2670448
18.8180561, 5.038611
28.859569, 2.505541
-12.0439926,8.8879829
82.0694643,44.9027029
-55.9707288, 34.8248489
7.3894346,35.795284
-5.6836651,5.847677
102.538941,27.3825711
139.5422165,36.2446768
134.1899692, 19.6472917
-111.37432,56.7234442
103.6165198, 1.6000172
20.2773166,42.4758334
21.1567908,42.3716894
21.2569919,42.2306683
146.9169858, 36.0802823
112.6272269, 7.97864
-89.0556702,13.7394009
-89.6514858,14.1159942
136.3070743, 16.0703772
-82.3862874,22.971604
-96.5965498,16.3285307
2.4432359,11.3037564
-88.8501647,13.8424491
-13.3895665,9.7112956
-70.2330113,1.2533741
70.785161,32.8266835
101.5505159,25.0444945
100.2208514,25.5889136
102.4976779,25.2220812
102.8247755,23.6179678
103.2384337,23.7226918
104.7040299,23.1302724
101.5394066,25.3143516
103.8001449,25.4929058
104.4018132,28.6324274
103.945251,28.5942352
105.0455697,27.8530956
103.6393181,28.2381032
104.8720917,27.4427601
-77.6930197,8.1578773
137.972048,36.2376227
-56.4089514, 34.7601294
118.0393171,50.090305
-90.5131377,14.6425158
-88.583333,15.716667
-90.533333,14.483333
-97.453889,20.535
-97.103611,18.849722
135.5759241,44.559457
-103.304466,21.7812707
11.9604255,11.7469807
-122.2193937,47.3091961
118.72814, 8.45386
32.4840325,37.8721189
-16.6748068,13.4387619
12.4580348,9.2831553
5.5868016,7.1962012
5.2373194,13.0610588
131.1517598,46.64471
104.446094,0.9236915
-83.7740635,15.2656275
104.0285189,1.1068747
77.1978313,30.968919
85.1497593,25.6182835
-75.4953434, 11.7728158
74.3696071,56.9001141
76.6165179,28.1956468
112.688154,22.3699417
-5.6626443,43.5450394
17.1096711,48.1535383
21.2496774,48.7172272
103.8552954,1.2969957
135.680271,34.924418
135.848026,34.75455
135.798831,34.8457965
135.819785,34.9076435
135.353791,35.359169
135.34844,35.4704853
135.51952,35.2027706
123.9422789,10.3437068
-49.0665785, 26.9195572
165.3342587, 20.9369364
139.485542,35.9249355
79.0798136,21.1444307
115.0745414,30.2257304
105.8227135,10.0628453
136.2670965,35.1227135
136.0892105,35.0016775
135.9033813,35.0865692
136.009855,34.9952045
135.95689,35.3989105
123.0594971,0.5384433
118.0444472,36.8047833
114.591343, 3.3197681
99.2727172,1.372696
-47.7696446, 15.7493696
173.2677315, 35.1127598
135.408895,34.4238835
135.574379,34.407997
135.279656,34.364551
135.380715,34.403126
135.426898,34.529372
135.549587,34.497963
135.604432,34.571532
135.612101,34.5474582
135.613121,34.617054
135.520996,34.7877225
135.632848,34.7140905
135.568473,34.7443165
135.68738,34.772735
135.6248,34.7598595
135.68043,34.827212
135.614971,34.878632
51.8160376,55.6412879
16.0394624,46.2092636
75.5824729,31.3287774
104.9328753,11.5631965
36.1999538,34.0022377
-67.4299301,8.9260825
85.3857888,26.1182898
16.288259,41.3204181
78.0081156,27.1764868
92.7951283,24.8198251
74.942762,30.2194133
127.805556,26.334167
127.6678449,26.1238318
127.668889,26.161111
127.8575,26.379167
77.6855554,27.4955539
78.1554659,26.1976283
16.4346876,46.3877682
136.754342,35.073679
137.0007325,34.9324765
136.9313235,34.8300545
137.0683535,34.949594
136.920408,34.902259
136.803041,35.121679
136.9250025,35.0932945
136.9000045,35.1280075
137.0077255,35.0613365
137.0512155,35.0004245
136.964727,35.074489
136.98409,35.1261055
137.0874744,35.09989
137.049405,35.138471
137.178015,34.6522205
137.1702295,34.9557972
137.3587535,34.847076
137.545804,34.950144
136.7468445,35.166197
136.758352,35.2352255
136.880588,35.2436035
136.871992,35.2458645
137.034868,35.2187445
136.963334,35.297219
136.983362,35.368808
93.9311349,24.7880555
-67.0592235,9.3862777
-66.6190187,10.4761943
-46.7167321, 21.3074144
80.1500485,17.2465305
39.0104378,35.9525924
76.9243779,15.140031
76.3836633,15.2683569
81.1135036,16.7095863
77.7061915,28.9963296
80.3315801,25.4740943
36.7166667,34.7333334
40.7469948,36.5013738
40.1499999,35.3333335
134.0461771,34.3413608
139.6131309,36.7504977
88.4309916,26.7164127
101.1111091, 2.5710434
-6.1499223,35.1992525
74.6431033,30.927923
134.148611,35.008611
74.23256,16.6946285
103.5701322,28.2653044
-88.9526216,14.4099453
44.0081161,36.1909698
172.6366455, 43.530955
61.2137052,28.2203911
-71.6134572, 33.5963146
77.6065039,14.6783221
-100.9945068,25.4192971
18.6357362,3.6529378
-72.6995564,19.1021307
-72.2780417,18.5445886
-89.1489644,13.703716
89.254463,25.7503094
22.4449881,4.106114
29.08559, 4.0948
-75.7228835,45.4563059
72.9701779,19.1943294
12.6791573, 4.2005398
19.5885243, 4.9699217
139.5412536,35.6510314
25.5838825, 7.3448321
139.4801609,35.6714919
139.3363355,35.6563235
28.5562814, 12.7486448
139.445683,35.6294705
139.6636012,35.7088177
139.6077142,35.7814832
22.343521, 10.6866393
136.5153283,34.7341973
139.4539295,35.5415106
139.438078,35.6903575
6.5475752,9.6187093
-45.9327241, 22.2343858
23.9514378, 6.7342539
70.4645333,21.5174163
132.8718965,33.7908821
80.4902636,8.7387127
133.1817023,33.9215254
132.9976758,34.0658182
117.6198243,26.2570893
130.5499999,31.6000001
-54.6410134, 25.4343837
95.0691439,17.3936573
94.2387634,18.8548345
130.9190784,45.7907014
97.1462097,5.1838475
87.8754682,23.2404959
-34.8979047, 8.0581077
139.7134402,35.7325658
125.281111,24.805556
-72.4116889, 35.3320916
116.373109,23.5530872
45.4425963,35.5570501
-6.337506,54.1775283
81.6336833,21.2379468
48.2304269, 18.9471494
31.678142,31.4364503
25.6944046,3.4490912
11.3119746,1.6261637
20.74532, 8.4189054
14.2417957, 6.2678204
14.9144981, 9.2984831
44.7815662,41.7083426
139.5652212,35.793964
-74.0760867,4.5980478
130.4700519,33.5326594
-8.7817515,41.531091
106.7626327,21.8510534
110.3408864,1.5510296
122.0698453,46.070838
125.33634,6.63567
125.12548,6.94311
125.05543,7.15432
125.3563053,6.7443531
-5.7448039,41.5056574
141.1396034,39.1389078
141.5314802,39.3314113
141.8818275,39.275024
132.7243574,32.9357369
132.9437406,32.9816839
132.5691755,33.2225494
132.5441129,33.5132911
133.7179334,34.1986856
133.6569397,34.1201341
136.0999604,33.8948552
136.0999604,33.8948552
135.1523896,33.8948552
-1.3093901,5.1845728
-1.3389154,5.2630377
-1.4077524,5.3705484
-1.4654303,5.398406
-1.4801936,5.3666174
-1.5177016,5.314103
-1.4808794,5.2562002
-1.3823464,5.246628
-1.405177,5.1777337
-1.427836,5.1854277
-1.3335945,5.1693568
-1.4671465,5.1298632
-1.5767097,5.1848712
-1.6048192,5.1257601
-1.658721,5.1341376
-1.6528848,4.9715226
-1.6327998,5.1886752
-1.6221574,5.2579101
-1.6164922,5.3120947
-1.6031024,5.3662753
-1.6228434,5.4474521
-1.690478,5.5621052
-1.5323355,5.445359
-1.7864369,5.4537751
-1.8406817,5.5151185
-1.933551,5.5803862
-1.723094,5.6222431
-1.8468621,5.6987723
-1.9436787,5.7305426
-2.0065821,5.5687822
-2.1034959,5.6401802
-2.1639204,5.6572633
-2.1570541,5.5569803
-1.8880603,5.3955003
-1.9062567,5.3233757
-1.7366547,5.3994308
-1.7148547,5.251243
-1.8877177,5.2372258
-1.7342517,5.1975651
-1.719661,5.097206
-1.83948,5.0901964
-1.8811945,5.1124241
-1.9151827,5.0334269
-1.8978456,4.9696408
-1.7911143,4.9755414
-1.7323638,4.9891364
-1.9821311,5.2727814
-1.9975807,5.1661083
-2.116027,5.1069526
-2.0343164,5.0467649
-2.2432276,5.0019621
-2.0153476,4.9832364
-2.3283724,4.9633131
-2.2875167,4.9116641
-2.1599721,4.9043091
-2.1218636,4.9070457
-2.0995476,4.8976388
-1.9641062,4.8697596
-2.0162059,4.8313177
132.4097373,42.9650435
133.4264345,33.4942274
133.2306937,35.5212892
133.8203505,35.4253874
132.5059394,35.1970575
132.8981856,35.301637
133.230522,35.4154552
131.3988951,34.4129589
132.0979003,34.8826519
130.9726599,34.0292905
131.5782813,34.0482096
-106.4951525,31.7435143
133.4649708,34.5995719
130.642641,31.240501
137.776677,36.5009065
137.8685174,35.4458958
138.0465485,36.089039
138.1173545,36.035171
137.846237,36.3313545
138.4586035,36.212084
138.434804,36.3454565
138.11459,36.6482035
138.3411175,36.7674565
133.9201068,34.6554465
-76.6499404,1.1503631
-73.3614409,5.5325437
-72.5047686,7.904929
51.2120566,29.2661435
-71.339815, 17.6475047
133.4710612,34.9774184
44.277321, 20.2917057
48.3642771,54.3107593
139.7089756,35.751673
139.8181933,35.7115533
139.84743,35.7430738
135.3257734,34.8659057
135.4147005,34.8699135
135.0765718,34.8533422
134.8498955,34.786771
135.412989,34.7288995
134.3773595,34.7897555
134.5125665,34.874166
135.3166017,34.773632
134.5540685,35.1457435
135.0639845,35.177746
135.407994,34.786159
134.7880412,34.7739854
134.4560675,34.8344635
134.8341465,35.530179
139.8169114,35.6726796
77.5427464,29.9637438
50.8787003,36.8154324
106.5492822,29.5585712
140.9299132,37.7949895
139.834573,37.717191
140.320424,37.2981205
140.4163555,37.510814
139.932925,37.4911389
140.9256,37.6272465
140.7049525,40.61343
140.4566851,40.8129096
141.0779825,40.561363
140.694196,40.516726
140.750616,40.7880795
43.6562254,26.1401208
140.3238465,35.9565115
-0.0100906,5.6598867
99.8033095,2.9700021
140.3042261,36.3452244
140.2872319,36.1908451
-3.1836873,51.4835299
131.5171545,32.3856135
130.8383475,32.0337675
131.4393439,31.9036445
131.3124935,32.179301
129.4957931,28.3775259
130.3496605,31.6044925
130.3094815,31.29139
130.7595535,31.5229755
130.598402,32.0611845
130.751772,31.773757
130.3689915,32.0730415
130.8655845,31.4223735
130.758072,32.470358
130.849151,32.9985325
131.0982605,32.9601315
130.553941,32.918491
130.6989615,32.7927981
130.614641,32.6198575
130.73755,33.051758
47.2454815,56.1311738
-104.1221493,24.443866
97.968181,4.47309
140.196034,36.0718945
140.8502185,38.6826085
141.0276213,38.7341497
141.000564,38.2953255
140.586672,37.998276
141.5639935,38.9093685
140.7824195,37.9731224
140.1680435,39.30599
140.4843215,39.5446586
140.07635,39.866135
140.2647955,39.6569595
140.846196,40.1951015
140.542336,39.045712
140.3359725,38.51722
140.314366,38.138873
140.2360195,38.438886
140.46636,38.57913
140.147643,38.0554641
140.343577,38.800016
139.4617385,37.918702
139.653869,38.3159105
138.3183295,37.1237115
138.880768,37.662935
139.047594,37.1770645
139.025524,37.8475965
138.9359745,37.52697
138.9312265,37.047975
137.8737895,36.9571615
139.0853735,37.539846
140.5347989,36.3967372
141.0953795,39.924257
137.0546314,35.0989686
85.8995119,26.1569653
102.2549055,27.8760348
-79.9595133, 3.2587494
136.2260542,36.061751
136.946461,37.0521078
137.2484135,37.438147
137.4248814,36.8258573
137.0187306,36.7362147
136.9468064,36.6362399
136.908471,36.5315945
-57.9771909, 34.8197545
138.3158035,34.8641024
138.9318959,35.1187583
138.8605129,35.1081528
138.4860718,35.0304947
138.6414292,35.1423344
138.3872887,35.0018418
-8.6431592,42.4318876
75.6967919,16.1853166
110.9100185,21.6729946
30.7577854,28.0963453
30.8398896,29.3073841
31.242222,30.128611
33.8019439,31.1261111
19.6876129,51.4097039
139.4775797,35.7284938
140.2372087,36.1518919
-81.3717001,19.2869856
98.5072861,39.744012
49.6018909,31.2777664
-102.7588468,20.8152781
-70.2090299,11.6877018
35.007822,29.5267021
35.1905523,33.2753214
50.7943446,30.3568482
16.073831,8.5654637
87.3470531,23.492039
51.652273,29.6202056
45.9141258,34.1428501
45.6399911,33.8782034
139.521755,36.0663256
139.5581527,36.002889
48.4432724,34.5529418
48.3708658,34.1890254
139.2813167,36.1981805
139.3996644,36.0426169
51.4418697,35.6016394
50.9709709,35.6964396
-4.4859794,48.3905176
-62.0500642,9.0580615
47.6764036,38.3989853
131.8039517,34.0518957
131.9414046,33.9599097
51.2752238,28.8830655
-64.7050734,17.7448056
55.3895321,25.3585432
71.6518839,34.301484
139.8747702,35.8305555
11.7221448,59.4851501
139.402906,35.95717
139.412213,35.852942
139.391058,35.835766
139.549074,35.856758
166.4580117, 22.1676665
139.752301,35.975198
139.841375,35.891152
139.839175,35.822536
139.724171,35.807738
139.679708,35.825634
-65.8274274,18.1525739
-102.3453936,20.704261
4.7640723,51.587221
6.893897,52.7889375
-100.4422613,20.5385902
75.1395503,27.6091864
80.6348203,7.2930397
126.2726435,40.1708156
120.8113694,14.843759
-66.9121054,10.5018234
130.0193793,33.1937504
67.691337,47.7774261
33.3625906,35.1762363
13.3510357, 3.6850291
11.1529835,2.9195528
37.7754387, 7.082542
9.4495007,4.6403012
4.6674015,52.302803
138.5998876, 34.9286341
32.8823193,3.2978729
105.7809605,10.0375517
122.9827389,10.7958522
-57.8548065, 51.6934032
120.6826534,15.0426128
-96.9238979,19.5336551
124.7064154,52.3359143
123.4274431,8.6562163
122.0748088,6.9085887
168.34843, 46.41222
124.286626,8.0034938
125.5305668,8.9518371
168.33801, 46.60012
125.1940836,1.44344
76.9897594,29.6914027
40.2012068,29.9725492
60.4424816,35.2115783
-51.7355386,64.175029
-25.065316,17.0189775
124.6108942,49.7413506
168.86415, 46.19339
134.1890881,34.2931892
133.8001459,34.2875269
50.041667,26.475
129.410406,49.7495245
72.6472417,31.566782
-16.3159422,28.4857715
-100.1887479,25.7817357
-100.461736,25.6745333
-100.4022714,25.6651051
139.7514388,35.6885203
-100.3224932,25.8083627
85.8394864,20.2602843
139.3658807,35.7136626
-67.5541616, 11.1037099
-109.7017052,23.0538996
74.8593548,26.5886247
138.844897,36.2432645
139.3268546,36.4906535
139.3255708,36.459653
139.1788785,36.677633
139.209503,36.325418
139.2627069,36.2446281
-91.518889,14.845833
-74.0932223,45.6461534
100.242936,34.4735154
129.4425399,50.1104758
36.2754315,33.5135068
49.6730493,40.5892867
-76.1825135,24.9716817
59.9110551,41.6518105
139.6881415,36.348713
139.6481815,36.588108
139.8903405,36.827085
139.4548185,36.3581395
139.9899735,36.422566
140.0945365,36.858377
139.801256,36.3061655
139.6986694,35.6331606
139.7802831,35.7395836
139.8065327,35.7858823
139.7426387,35.634632
139.7312088,35.6049377
-68.1838987,48.5838157
68.3750066,25.3800664
-76.7441813,18.0159268
37.0881443, 1.0450145
114.1670609,22.2644116
121.5397515,25.0480164
13.5019444, 8.6563064
13.4818239, 8.5730956
13.6112064, 8.5996786
78.5800085,25.4502464
-7.6226846,33.0038556
-0.6647537,51.9998188
-4.1264723,6.6973026
-54.0386205, 25.6742824
44.680367,43.0244679
12.93935, 4.98985
-68.0011214,10.1704877
-122.7949846,49.2832883
-6.9243155,12.8087482
-70.6068555,9.3140325
54.0468024,28.0836343
80.3221409,26.4610238
76.7718,19.262469
-70.2517878,11.8245826
-7.9345875,7.2228288
-70.429168,9.3590067
140.1134491,37.9215189
110.8424954, 7.6838164
79.0284337,28.8014001
78.4707309,28.90662
140.6024198,36.5184681
171.042339, 44.7338811
-58.751611, 34.5985959
-66.6835084,47.9993395
5.3785986,52.1619055
-96.6909207,49.5299755
-73.4703621,45.75322
-47.8699952, 15.7998071
25.87396, 24.5672836
116.5384136, 8.6489984
-58.2792735, 34.8044484
-8.4129958,43.3650322
40.415833,21.270278
80.5000327,8.27455
80.2104793,7.4126603
80.3002469,7.3352879
50.7256408, 9.3294158
50.7323142, 9.3337352
67.4175016,37.5154598